0.19386916388819841
0.5569759615326342
0.32616726764101395
0.36338255149558135
0.009049809845136036
0.0
0.43119403677437107
0.7332652027386404
0.14295361352123837
0.6725850861989159
0.5665668010752337
0.5305891628696433
0.5273124393816935
0.07622479795571091
0.33342250855456385
0.0817319333443951
0.274399033683921
0.3494214463069105
0.3986376010369992
0.0
0.9388004593617707
0.20783170189341338
0.48032671607366095
0.14178215363837904
0.08935258486035935
0.2786831128583684
0.2113164825015202
0.2743335937617308
0.13356531240034547
0.16749924969110158
0.047356759594966324
0.3759773679864191
0.24174547384471423
0.5599859642301664
0.702174619122077
0.3935026161220915
0.2786735884517505
0.6388452368057306
0.3071906454449159
0.38636514202309086
0.28547082675303087
0.0
0.15044712685443368
0.47044755897864515
0.3585532219340306
0.44781631674178424
0.8146651109822702
0.005906356543586733
0.4171226097152377
0.2352118389911323
0.07389803872301937
0.2792915597261339
0.08414034906052215
0.2751549313960652
0.29316883399018967
0.7541764289158339
0.44517045995977833
0.12665529225384792
0.4694766414319581
0.5716382508228975
0.4071596358896241
0.5416024940580837
0.594767526084102
0.42102598331873675
0.6626654259001199
0.4564031645848028
0.4950743630560285
0.2675356676765537
0.5297585111262508
0.22185352715183254
0.3132400331547721
0.11167519931996323
0.40945328957638566
0.4434523598095968
0.40641260049870226
0.18316628218471526
0.5912080604598935
0.9068602816174867
0.321570500524182
0.0019788148387920312
0.6651905593581159
0.19358285877542075
0.42023802860691706
0.18313142889659673
0.5970364461727193
0.27432391127632527
0.34871207608727434
0.5355884645291359
0.21376420047252837
0.8416955054542659
0.1342766479166842
0.5861851535970235
0.5303877028506443
0.242150155543974
0.23466259187148986
0.5678093044593445
0.2523206919403121
0.5586909796538253
0.6664308567070472
0.17793239094086716
0.493694569662973
0.4948408762497153
0.07098945289898873
0.16773067245050138
0.34202428700300436
0.36238763973699323
0.2839248786823729
0.0452443107969146
0.21055719436378095
0.33733907039303024
0.2890993875918437
0.3583954390903915
0.6131959558686577
0.46259810645715277
0.4464233386178834
0.5655687538261849
0.5697442322654115
0.1793502948346774
0.7771048622668357
0.4089936174546591
0.031478200526760425
0.21625433793022708
0.11249083319780762
0.3242489584926294
0.30901385219854205
0.7017470198118928
0.2708797472416178
0.2199049046926902
0.19806677389255417
0.20939916520760704
0.4526090610067568
0.3486727389327037
0.6840480986739219
0.5805854796593936
0.16431088229066565
0.0
0.5693911905000373
0.4867532552352878
0.41224705620323887
0.39038424281821227
0.22940741091062616
0.2077536107383101
0.687940390088705
0.5345476830172717
0.3086874199642347
0.3813812094215357
0.1385762876672571
0.18548240482192757
0.2192247259216072
0.46180324034220294
0.4878891535171552
0.7352453245562867
0.4993146417689307
0.6550093715352374
0.8250449268942424
0.36123575960592164
0.17247503254323993
0.3050513629862407
0.5078299774680366
0.14187272417036523
0.5274081082794406
0.43494866461350534
0.5493427304442295
0.06943353399468644
0.2513721210423487
0.46664780801764805
0.5581655305403808
0.08589526571086914
0.5524784389976634
0.4160962766754009
0.0
0.3201445340465973
0.7590219195579637
0.13945637188607507
1.0
0.7820933073312836
0.6968252292226809
0.48442749630099713
0.1678826477294061
0.4093167648438775
0.4830833156835609
0.9734990989078461
0.2777763916885744
0.07024386168168517
0.12585104833720118
0.3662724261887343
0.0
0.4310929145130661
0.393148582940047
0.0
0.19816363567872297
0.6122140716993123
0.32388764123203684
0.09931800286382797
0.44977021842022985
0.1526480737566292
0.3945698637259653
0.9458038988305373
0.30650175577993477
0.42910726916412206
0.1283298986302132
0.5004907487195519
0.18549664306834635
0.062395343545040394
0.26183293982890804
0.3833908133039645
0.17879085200295342
0.31062387093389815
0.4337541551322813
0.23078628741271523
0.5204538321578471
0.21820913302464373
0.2206353261385534
0.39615838074150855
0.4642105613181212
0.16172735901981983
0.20032240437999854
0.5905871949460151
0.6219849515553997
0.24506001406077443
0.7935830989241528
0.9593540259703918
0.26870503629922476
0.09214920722514908
0.5640908730216498
0.7021308351719571
0.26132566574207544
0.7646737200047216
0.35503186709602896
0.24824955477135002
0.4697108118873902
0.42851360198002786
0.3823111741894293
0.7185342057474666
0.5800401532833388
0.26170758348821727
0.5308708970546729
0.8459361370400436
0.0
0.35439563266113294
0.033954991472360696
0.0
0.5612857441956005
0.7224013075464257
0.49589742152130284
0.7842695735974041
0.23089349154713462
0.4421903345585943
0.5045108096884428
0.5568446001082443
0.6590979848074116
0.49717925807299557
0.040534925669097666
0.47115274946058067
0.39717898456523715
0.7776751372131581
0.4722478957093909
0.41745699396646796
0.18671391632888645
0.37944160914930525
0.4790079208391682
0.5230840385273277
0.0
0.4599594628219531
0.0
0.521322423468452
0.729639531357289
0.0
0.32881664201644256
0.4467084375918243
0.24001613152182588
0.21285231807577065
0.1103904146921677
0.052447693613839164
0.7112670128837167
0.08544534986947361
0.39301239682254563
0.3180405097237146
0.05632116230498618
0.22255902490084312
0.06644776364349014
0.2816693383110795
0.7302140447699133
0.15830625977856988
0.6371555689635018
0.38590392078633645
0.3020937976185922
0.22801508454775193
0.6222997942896564
0.2237414176016827
0.49853134565198126
0.12348021116886515
0.49668068586657815
0.2454559595827081
0.5897407344701628
0.3156230493950806
0.5748744626556749
0.0
0.1279405377084628
0.4350296513953812
0.24313711725015114
0.254208349096104
0.5766382641519477
0.35745811605997596
0.36268846442631475
0.09450075156940435
0.5869482055475717
0.6812585483031642
0.3705584042316829
0.08971388578178086
0.38449213246820874
0.5450483742837029
0.2975920871078279
0.3480451824343661
0.0
0.5981711453137483
0.4151518415825766
0.4609561810244635
0.3739436859683151
0.5684088268885017
0.6488004408472778
0.36107458780564217
0.38007367700882283
0.3734806539754768
0.7717605885234975
0.2310997046036795
0.0
0.2523206919403121
0.5196344235038
0.901479038626281
0.19720474902371693
0.43560445890033844
0.20606936244131752
0.2869331531303401
0.05083415947705272
0.0
0.31081307599514735
0.6145009682140175
0.7150562138759238
0.61141871548785
0.5205301137560603
0.6213348090384787
0.21440291679713608
1.0
0.2388408510896486
0.539584965788125
0.07732174242306433
0.3503496198736174
0.2782993357281083
0.6539042295324136
0.20515114588626843
0.2573496242494934
0.29907913116424756
0.5778006470456152
0.23574083532307843
0.3083220815824213
0.4533993667044309
0.738899737883711
0.26211788253313795
0.44992868137954006
0.48012624462194153
0.7229951302134145
0.26892670419337666
0.5222275440478044
0.2596034283657239
0.5346621964824098
0.6797053658666258
0.3894400401558121
0.2965717329917039
0.4912115463456848
0.1404256524748514
0.34688605558501623
0.3728297165403808
0.3815403290267835
0.27268452462547466
0.5931660319398524
0.0
1.0
0.010094856622838044
0.48104662364566964
0.33367752536914275
0.3564572290266667
1.0
0.39237101062844654
0.4803796325371472
0.7493057808109395
0.23830159222104064
0.41737423928362705
0.5562924952847603
0.006198147481864202
0.8850564405374406
0.4349783640590085
0.6187421217526505
0.4308849870708852
0.6332580830294327
0.6627019931120166
0.15036868764265549
0.06369893759906109
0.28954717148379744
0.23869778095024974
0.31642573029256077
0.11481832560619087
0.06642185957948521
0.3339120498306249
0.5013866822229195
0.23622269614321156
0.6692870905744464
0.3683882228377501
0.7363999838152712
0.33055397383274554
0.5453553090151937
0.47417178969084806
0.29273855681965555
0.1127111418529918
0.043568009937379415
0.7397829145630515
0.5436490769837089
0.38787852352175123
0.6792429838362093
0.2737833508399495
0.6007394894464172
0.6019093393500379
0.5015165997908264
0.09248107016131546
0.3439209770286701
0.7072806939290772
0.23545198773539366
0.3417865647274395
0.10579996529913444
0.03255137649613149
0.3446237265751169
0.23222587818985485
0.18536395389950372
0.35157703689655934
0.2041111581042957
0.7606974811356644
0.3081508171370666
0.0
0.6178065743495953
0.6710315957213684
0.01783478807275163
0.21588949252183953
0.5384586067943029
0.37694046218379074
0.3490478557473928
0.25786907125442576
0.28112342529784
0.4858274603056493
0.3908427845701426
0.4712000161167562
0.4609570926892777
0.35107330687869776
0.3877112983521343
0.1683828556196975
0.026830249858509347
0.438549690335474
0.4787046713563266
0.6687881361957058
0.5509676770366649
0.0
0.01505737704861776
0.36582966708783793
0.28461056276250385
0.4803151945681302
0.29044766505014646
0.4791652745621934
0.04401866977617552
0.010237721122320353
0.5834571915628195
0.9870898366094921
0.038305603380834885
0.6103592104597935
0.4437106567731784
0.5308306766734175
0.08424222934876147
0.38683342021232076
0.2240072674339102
0.5132050502162636
0.4169653525564837
0.4967672420245066
0.6322172429858225
0.7615429097254949
0.2025686426869237
0.49151541141016536
0.5355714715706998
0.4683993220967913
0.4212751740902806
0.31920597010057633
0.6300343038161186
0.17081384578632197
0.011298209073464793
0.3498855145743701
0.8846959597174093
0.5236052237353548
0.015733524753435812
0.17707779748194685
0.6767771497098334
0.36293731900071163
0.8007830147567561
0.9631696902652296
0.6188406499141497
0.1509464642828714
0.101627488211327
0.3235212028547798
0.0684120735626983
0.15480033552776307
0.0
0.057361291577722184
0.4045191606603245
0.40786508271543087
0.3169184292320005
0.27094421802264324
0.21743059450961716
0.47843426560102875
0.7597669056131802
0.17240035929026615
0.2675356676765537
0.4850501530471458
0.3269141496024669
0.47204943600518284
0.8065478502548982
0.3485315950276406
0.38686320031687355
0.5442487296458336
0.05449936647848208
0.7546961809058899
0.1063319002320583
0.13495219456785235
0.4041660308391566
0.5791927977685236
0.26611725459846636
0.38145633467864015
0.5369204652495678
0.44423102862648656
0.2941910974923739
0.47045856351064774
0.8532483881143376
0.3777490438538956
0.36161225688585025
0.03854155262212666
0.0
0.33137587570680915
0.42471550704244954
0.3095827691531629
0.20402667056627644
0.5097706860402396
0.34827996341312445
0.550142042272531
0.15603797046374052
0.48711296888453925
0.26643890871089165
0.712565552470079
0.31054616489405773
0.5311863570609967
0.17529950886848888
0.5044216342671068
0.16004453313981676
0.5633984784408714
0.44765912636492444
0.15021062812323188
0.5810268153699392
0.4845047004722054
0.6036851805520758
0.280123216326918
0.0596065515059494
0.32883893636632217
0.45065787482228614
0.7954663950612548
0.6333299814791513
0.10983970473966609
0.5375510109113437
0.435759265612435
0.25052970153927057
0.36579575593090724
0.09006807099338188
0.7557643130372778
0.9723000078817559
0.4670083365037915
0.27486040287164804
0.31059519828211213
0.03303872358180282
0.22243366358585942
0.5408634174479112
0.4678234329082617
0.7476979094731946
0.5088186651189478
0.6560535345989251
0.34037763560627643
0.17098870192978022
0.3318968988561831
0.6030029208061011
0.028820169481560853
0.5881447553587364
0.12348021116886515
0.5903496433476714
0.24393475766470224
0.2585924345609509
0.0
0.3414140206368364
0.031981461520521615
0.07260807701109329
0.7156085876993452
0.11231237687266304
0.3674286564958949
0.355865692328498
0.29967325932607564
0.2868816837549047
0.1835112785293973
0.4132799346190203
0.6781459537708754
0.8642579372550303
0.5032319759518936
0.38565426521740426
0.6079443348695884
0.8251083447486893
0.5330512342392104
0.39017855381280697
0.9702962190394508
0.3750926350578803
0.4436268370103953
0.46673291029439995
0.48477343933162426
0.35621909165365356
0.5592255423509678
0.3199827623911548
0.2560701361749245
0.1895231142882664
0.9068090810062712
0.6868472859144067
0.582973824186262
0.41865197658257586
0.8506325808614017
0.14993550346962287
0.1878467682647192
0.2983545865285387
0.9103220297687885
0.4238101450085441
0.7634417539683034
0.3655683999267931
0.4401024984560695
0.04237613064063961
0.59624717231685
0.743973060618004
0.0842061565953992
0.37415103881646966
0.35980142460190534
0.7833302094569888
0.4897262223897547
0.5414828235485785
0.7125782044921267
0.5957309903316632
1.0
0.2441370129838053
0.29114132866865294
0.09500203589440676
0.21233789278609233
0.4779019863931514
0.484118639632288
0.7327726562889125
0.6068887172850603
0.12397955780790432
0.2653653992412834
0.5800059094115968
0.3806383619865282
0.37981961850392804
0.10368471252991124
0.32955412907799286
0.5810133260894983
0.6303601209499456
0.48354340500324455
0.6954588928084839
0.6620922618576913
0.6896363791967782
0.33833463416601767
0.6445692115205177
0.478976555193503
0.15048827147039556
0.20101274647631534
0.10637644604276503
0.5897541273430366
0.2906418247184363
0.40827103963905775
0.3407745193978288
0.30141725497417876
0.07504340364811468
0.46002590486689066
0.7793925535243726
0.008578812730345886
0.5451949343072796
0.6140306492558905
0.11163500561716838
0.24841576335372106
0.0
0.5841329233534975
0.778387277642464
0.43405411836230423
0.46339356852963903
0.0009507114484301749
0.6091204028451462
0.6833408413645377
0.3752702784364628
0.3430919360519757
0.0429424366304576
0.1592951283745171
0.4756333939393969
0.22601114125178323
0.34343327985692285
0.9040815198703387
0.3828660172934022
0.13555452852533723
0.5360168435947268
0.30665578149100625
0.43315259935669226
0.1584154166376346
0.6857993576871738
0.20944008220615057
0.15954842191561902
0.5866924806995204
0.23506748744571465
0.23081773499157082
0.35281480391439685
0.09207194439274768
0.5360354894466938
0.10253264872770157
0.46127130062329136
0.018493626105554495
0.3894062049394403
0.19279898396214323
0.26011555453731017
0.824102229113056
0.1656794637387936
0.3351688572841468
0.48202346676287117
0.7899190280672845
0.5954501294161382
0.4528811860221839
0.018666163995334495
0.25932920682261423
0.010605490406909501
0.5451277300600457
0.3486890591135436
0.6293141019115442
0.469594936647324
0.3875658200575364
0.16692182949261902
0.05269940852410604
0.39709975415049076
0.6842128270182671
0.016876376737881005
0.43327680103469274
0.3882552348168458
0.47991084146868346
0.5753328524716613
0.4379033047308879
0.0687167613625902
0.24603158430133598
0.0
0.4223547801193106
0.6955386636661433
0.12681733166634562
0.5526086281298221
0.7830275588427393
0.10459384512451203
0.8075665878443276
0.3258136575699497
0.35135540353168737
0.5869482055475717
0.38365563847873846
0.3597523810610149
0.22364983073260386
0.6496985473013646
0.2809840555716997
0.7767784908623738
0.24132307176289736
0.7062690931964083
0.3258008599144948
0.15135310853057438
0.2727453849562133
0.2666064463454393
0.10558155011502618
0.275426506935811
0.0
0.13606470910390406
0.9028958013834307
0.3762367574885243
0.24138828631257486
0.04945387186812722
0.29651878533685
0.6804252887337265
0.18858835686873132
0.43043734591523186
0.6559679586434446
0.5515171150847651
0.0
0.05226656370159688
0.4068045865978309
0.26186098005872016
0.6066180113579369
0.4190616693134102
0.41055300925228944
0.42393726236534457
0.392557332515414
0.3204588090948166
0.010382588315634322
0.0506250147520686
0.03996595666624636
0.3106841687591032
0.595825282906828
0.40172994001047674
0.20780702890466635
0.43817424703020585
0.2975709482793199
0.7113072121676809
0.08785177141360012
0.43779187910430145
0.5641356297319677
